386.615966182793
341.704664585622
460.539381237893
480.868737514885
487.986361062168
350.155729097909
294.373591198430
364.654275304908
311.880490424044
196.230913088973
227.536869578921
302.035494322779
221.073734284059
157.021206319056
249.637752803791
256.776346607961
160.354328479145
200.067634269167
296.813737508929
239.847091942287
154.186649265445
177.855601231937
195.933959429257
117.582158293739
79.6791761269485
134.147182721885
132.063130381602
62.7024252356603
75.3830346533819
147.626000460530
131.392886969093
93.7844555677526
161.303806638490
232.528049726353
210.652369741245
197.969463242362
260.487760519353
265.414661042064
163.818177059934
207.488626066636
290.608108544670
225.096969368944
229.193006603493
351.638929436703
321.953680025683
289.533498164923
358.348975367455
476.562902828363
403.486054211833
471.492502861126
466.832684607962
373.587993565519
472.275537309376
454.169368220769
306.594382534991
328.863829572965
433.355422173859
362.743557562541
352.337817517865
297.103272165668
201.645331045787
194.893865233427
204.723215035363
129.382059505951
83.8849766034935
116.322535188750
105.980783222257
42.5527279370749
45.5314489378195
99.0381946585939
80.6346381768365
43.6700092319370
92.2712956518924
145.178701318311
118.732014813471
123.366705977283
209.118703216300
253.169547928139
257.362990575198
253.833789750179
322.601057572220
232.099303432979
287.995357924416
314.261099927395
202.630753339159
160.938975749435
244.205074921438
240.214364449360
141.497006317566
168.833316097164
261.985416482867
225.975287210343
158.391539136628
239.425850138117
338.324479179070
314.855424091952
222.465054864848
244.287617357774
152.353011400217
177.832484625086
138.915818562540
147.077074937819
92.3919960949302
48.0121632453397
75.8152331515199
74.4828405089288
25.7084145528603
29.9799625186086
75.3360903823466
61.0432555841337
39.7592754784003
90.5730570591895
135.952071912503
124.813608738266
138.907418208855
219.377778298207
257.567225021960
258.095000869317
293.037858326502
370.304908218535
464.860299191729
366.153699640724
289.349873723374
385.856573768795
385.120533613173
393.792580214066
280.666149290761
220.559430390537
260.779724074081
233.023152767305
133.857386226725
135.007920418832
181.657559475422
126.331612540202
67.8525965439249
125.104073708482
155.453198179070
91.3484972326813
99.8966657531578
188.687334225980
198.304847599770
154.094326491803
213.971316085995
310.520305556583
299.828520863359
289.972830036106
405.609791481378
485.320591859635
468.449751707737
510.322529030149
379.326759153009
343.597798504461
445.939778333947
